%YAML:1.0
calibration_time: "09/04/14 15:46:13"
nframes: 25
image_width: 640
image_height: 480
board_width: 6
board_height: 9
square_size: 50.
FixAspectRatio: 1.
# flags:  +fix_aspectRatio +fix_principal_point +zero_tangent_dist
flagValue: 14
camera_matrix: !!opencv-matrix
   rows: 3
   cols: 3
   dt: d
   data: [ 6.1793173752346502e+002, 0., 3.1950000000000000e+002, 0.,
       6.1793173752346502e+002, 2.3950000000000000e+002, 0., 0., 1. ]
distortion_coefficients: !!opencv-matrix
   rows: 5
   cols: 1
   dt: d
   data: [ 1.5835862571167342e-001, -8.1382208584216031e-001, 0., 0.,
       1.5564617310558146e+000 ]
avg_reprojection_error: 5.9085098588185259e-001
per_view_reprojection_errors: !!opencv-matrix
   rows: 25
   cols: 1
   dt: f
   data: [ 2.78207362e-001, 1.61864042e-001, 5.81404507e-001,
       2.50122875e-001, 1.72162667e-001, 1.15187153e-001,
       1.36112583e+000, 2.93996930e-001, 2.41315812e-001,
       2.92860866e-001, 4.72593874e-001, 4.97307271e-001,
       2.43886307e-001, 2.32298866e-001, 2.38344714e-001,
       4.14267123e-001, 3.69986147e-001, 4.12258953e-001,
       4.13319468e-001, 3.58363748e-001, 2.62379169e-001,
       2.38383949e-001, 2.93695033e-001, 4.76774365e-001,
       2.05901670e+000 ]
# a set of 6-tuples (rotation vector + translation vector) for each view
extrinsic_parameters: !!opencv-matrix
   rows: 25
   cols: 6
   dt: d
   data: [ -9.7170230904717478e-002, 3.4591690005313658e-001,
       1.8159049965540768e+000, 1.9810256346812989e+002,
       5.6627927278926734e+001, 1.7838533596321533e+003,
       -1.3878359849609612e-001, 2.6933703669209547e-001,
       1.8279663640285275e+000, 1.3311063191943833e+002,
       4.1487709735814718e+001, 1.7955130974819283e+003,
       2.1579862973743331e-002, 3.2432523813385922e-001,
       1.7604380417643648e+000, 3.5747650141915472e+002,
       -2.1477917029171641e+002, 2.1096249736489767e+003,
       5.0711979635601354e-002, 3.4492804843607200e-001,
       1.7058150213784899e+000, 3.8308882507391172e+002,
       5.1236622239583035e+001, 2.0033468103544160e+003,
       -1.0445626104448999e-001, 1.2725927216942898e-001,
       1.6141541653984226e+000, -5.0088697904382116e+001,
       -5.9410686195157481e+001, 2.0337479904428349e+003,
       4.4568008282706295e-001, 5.8065415124433850e-001,
       1.4056985564048672e+000, 7.6186627038555901e+002,
       -8.9514423055022661e+001, 1.8240650194246205e+003,
       9.2519216399903292e-001, 9.0963737988143467e-001,
       1.2026834359048821e+000, 3.0386247943135311e+002,
       -1.1386088398343820e+002, 8.6931252933317046e+002,
       9.0974245043794699e-001, 8.9898010534606621e-001,
       1.2228096891268754e+000, 3.3259911763619601e+002,
       -9.5252500180906466e+001, 8.5886197245929236e+002,
       8.6488060540078837e-001, 9.0317866075982911e-001,
       1.2739459833528854e+000, 3.3862908432655485e+002,
       -6.0651954879616184e+001, 8.8461822121005605e+002,
       8.4907197257396338e-001, 9.0700650981432629e-001,
       1.2959509410865024e+000, 3.3630096127825243e+002,
       -5.5014723251947700e+001, 9.0175307186549810e+002,
       8.8125949509468182e-001, 8.7261223761135476e-001,
       1.2851983015068456e+000, 3.3274463575773876e+002,
       -7.1021168687105174e+001, 9.0281859082279209e+002,
       -9.4476098247774376e-001, -6.6110417000443622e-001,
       1.5081985141924137e+000, 2.9600453763099736e+001,
       -3.4579038390261452e+001, 1.1896720983835814e+003,
       -9.4343144928916101e-001, -6.5981772740001432e-001,
       1.5113694478372182e+000, 2.7439439138513134e+001,
       -3.5211263372335296e+001, 1.1968277425735866e+003,
       -9.4617395291571216e-001, -6.6411398449455694e-001,
       1.5079815815743880e+000, 1.9188503631766128e+001,
       -3.6193310444863435e+001, 1.1902857963103288e+003,
       -9.4707979583481983e-001, -6.6564859232006424e-001,
       1.5051043500442238e+000, 1.2561910275731677e+001,
       -3.6697847999744035e+001, 1.1845808041241573e+003,
       -5.9530948628083391e-001, 5.4424375208821141e-001,
       1.6779494519293374e+000, 2.0727979294209501e+002,
       -9.1010418495510592e+001, 9.2230251251811899e+002,
       -6.0961546901218755e-001, 5.2444331296760716e-001,
       1.6789581727945841e+000, 1.9310200565564836e+002,
       -9.2955998385011327e+001, 9.2476047296668071e+002,
       -6.0652395465753906e-001, 5.2714883697378012e-001,
       1.6809047435081981e+000, 1.9508169568312127e+002,
       -9.5482573974177043e+001, 9.2421993183628035e+002,
       -6.0224589354949565e-001, 5.2833745573949320e-001,
       1.6809886082768133e+000, 1.9708850598650184e+002,
       -9.7692374502563339e+001, 9.2321150902830357e+002,
       5.9455477356752418e-001, -4.1347012551042167e-001,
       1.5794375100392195e+000, 3.2521088059495554e+002,
       -1.9713783778888879e+002, 9.7397033373309682e+002,
       5.7363981386695229e-001, -4.3974708934889195e-001,
       1.5669787535499911e+000, 3.2406752163393867e+002,
       -2.0503465407045687e+002, 9.8622525058160397e+002,
       5.3536104119591987e-001, -4.3829276778595927e-001,
       1.6016431577570736e+000, 3.0923429125572898e+002,
       -1.8779835472246307e+002, 1.0046086730238223e+003,
       5.3398730563873997e-001, -4.2121284515829427e-001,
       1.5912716703668373e+000, 3.0334370050079093e+002,
       -1.8629961029515650e+002, 1.0132451956597063e+003,
       -6.6395231186893389e-002, 1.6266826275554147e-001,
       1.6626880844223486e+000, 2.5120166306876035e+002,
       2.4469669120290430e+002, 1.4632801908904601e+003,
       -7.8370693938218314e-002, 3.1863661369667090e-001,
       1.7603201394884502e+000, 2.1875969981539473e+002,
       3.3355344500299356e+002, 2.2575161053246188e+003 ]
